大型零件：

① 通过应变片应变辨识（神经网络A）：

****输入：
S1 x：0.00010304865281796
S2 z：-8.198029536275e-05
S3 z：-0.0005878483643755
S4 z：0.0003541496480465
S5 7：-0.00013641467012334
S6 z：2.4028879124749934e-05
S7 z：-0.0013286123867150001
S8 z：-0.00137747952249

****预期输出：
Fx: -30.0 N
Fy: 30.0 N
Fz: 100.0 N
Mx: 1.0 Nm
My: -1.0 Nm
Mz: -1.0 Nm

****实际输出：
大型零件整体受力:
Fx: -30.580358505249023 N
Fy: 36.176795959472656 N
Fz: 62.92548370361328 N
Mx: 0.8445930480957031 Nm
My: -1.0478177070617676 Nm
Mz: -0.9638625383377075 Nm
最危险位置:
x: -14.289432819999998 mm
y: 1.1100179614 mm
z: 37.09777184000001 mm
最危险位置的 mises 应力:
S_mises_max: 235.68118286132812 MPa
最危险位置的 应变分量:
E11: 0.0006920303567312658
E22: 0.0007283664890564978
E33: -0.002159700496122241
E12: -4.6075339923845604e-05
E13: -6.317794031929225e-05
E23: -0.000193258369108662

② 通过整体受力和力矩辨识（神经网络B）：

****输入：
Fx: -30.0 N
Fy: 30.0 N
Fz: 100.0 N
Mx: 1.0 Nm
My: -1.0 Nm
Mz: -1.0 Nm

****预期输出：
233.304336548 MPa

****实际输出：
大型零件整体受力:
Fx: -30.0 N
Fy: 30.0 N
Fz: 100.0 N
Mx: 1.0 Nm
My: -1.0 Nm
Mz: -1.0 Nm
最危险位置:
x: -13.540701189999998 mm
y: 1.1736159737 mm
z: 37.77632714 mm
最危险位置的 mises 应力:
S_mises_max: 233.32275390625 MPa
最危险位置的 应变分量:
E11: 0.000519867055118084
E22: 0.0005529637564904988
E33: -0.0020736739970743656
E12: -8.284219074994326e-05
E13: -6.877783744130284e-05
E23: -0.0013036413583904505

