小型零件：

① 通过应变片应变辨识（神经网络A）：

****输入：
S1 y：-3.070332241024998e-06
S2 y：-4.4171002324816664e-05
S3 z：2.5815563731325014e-06
S4 x：5.32308295079e-05
S5 x：-2.611092293137667e-05
S6 z：5.971581322239999e-05

****预期输出：
Fx: -25.0 N
Fy: 25.0 N
Fz: 100.0 N
Mx: 0.7 Nm
My: -0.7 Nm
Mz: 1.0 Nm

****实际输出：
小型零件整体受力:
Fx: -25.018287658691406 N
Fy: 25.059221267700195 N
Fz: 99.75840759277344 N
Mx: 0.700278639793396 Nm
My: -0.7011897563934326 Nm
Mz: 0.9989409446716309 Nm
最危险位置:
x: -0.48673512640000005 mm
y: 7.3125451809999005 mm
z: 288.9318944 mm
最危险位置的 mises 应力:
S_mises_max: 737.863525390625 MPa
最危险位置的 应变分量:
E11: 0.002581227570772171
E22: 0.0016692597419023514
E33: -0.006711032707244158
E12: -0.00019099422206636518
E13: -0.001570221851579845
E23: 0.0005978240515105426

② 通过整体受力和力矩辨识（神经网络B）：

****输入：
Fx: -25.0 N
Fy: 25.0 N
Fz: 100.0 N
Mx: 0.7 Nm
My: -0.7 Nm
Mz: 1.0 Nm

****预期输出：
736.535808 MPa

****实际输出：
小型零件整体受力:
Fx: -25.0 N
Fy: 25.0 N
Fz: 100.0 N
Mx: 0.7 Nm
My: -0.7 Nm
Mz: 1.0 Nm
最危险位置:
x: -0.48673512640000005 mm
y: 7.3125451809999005 mm
z: 288.9318944 mm
最危险位置的 mises 应力:
S_mises_max: 737.21875 MPa
最危险位置的 应变分量:
E11: 0.0025789649225771427
E22: 0.0016677078092470765
E33: -0.006705089472234249
E12: -0.00019092422735411674
E13: -0.0015691020525991917
E23: 0.0005958123947493732